1 1 1 1 1 1 2.0943951023933334 2.0943951023933334 2.0943951023933334 2.0943951023933334 2.0943951023933334 3 2 3 0.01 
1 0 1 1 1 1 2.0943951023933334 2.0943951023933334 2.0943951023933334 2.0943951023933334 2.0943951023933334 1 1 1 00.01 
1 3 1 1 1 1 2.0943951023933334 2.0943951023933334 2.0943951023933334 2.0943951023933334 2.0943951023933334 1 1 1 0.01 
1 2 1 1 1 1 2.0943951023933334 2.0943951023933334 2.0943951023933334 2.0943951023933334 2.0943951023933334 1 1 1 0.01 
1 3 1 1 1 1 2.0943951023933334 2.0943951023933334 2.51327412287 2.0943951023933334 2.0943951023933334 1 1 1 0.01
1 0 0 1 1 1 2.0943951023933334 1.57079632679 2.0943951023933334 2.0943951023933334 2.0943951023933334 1 1 1 0.01
1 3 2 1 1 1 2.0943951023933334 2.0943951023933334 2.0943951023933334 2.0943951023933334 2.0943951023933334 1 1 1 0.01
1 2 0 1 1 1 2.0943951023933334 1.57079632679 1.57079632679 2.0943951023933334 2.0943951023933334 1 1 1 0.01
1 3 3 1 1 1 2.0943951023933334 2.51327412287 2.0943951023933334 2.0943951023933334 2.0943951023933334 1 1 1 0.01
1 0 1 3 1 1 2.0943951023933334 2.0943951023933334 2.51327412287 2.0943951023933334 2.0943951023933334 1 1 1 0.01
1 3 1 3 1 1 2.0943951023933334 2.0943951023933334 1.57079632679 2.0943951023933334 2.0943951023933334 1 1 1 0.01
1 2 1 0 1 2 2.0943951023933334 2.0943951023933334 2.0943951023933334 2.0943951023933334 2.0943951023933334 1 1 1 0.01
1 3 1 2 1 1 2.0943951023933334 2.0943951023933334 2.0943951023933334 2.0943951023933334 2.0943951023933334 1 1 1 0.01
1 0 3 3 1 1 2.0943951023933334 2.0943951023933334 1.57079632679 2.0943951023933334 2.0943951023933334 1 1 1 0.01
1 3 3 1 3 1 2.0943951023933334 2.0943951023933334 2.0943951023933334 2.0943951023933334 2.0943951023933334 1 1 1 0.01
1 2 1 2 1 1 2.0943951023933334 2.0943951023933334 2.0943951023933334 2.0943951023933334 2.0943951023933334 1 1 1 0.01
1 3 1 3 1 2 2.0943951023933334 1.57079632679 2.0943951023933334 2.0943951023933334 2.0943951023933334 1 1 1 0.01
2 1 1 1 1 1 2.0943951023933334 2.0943951023933334 2.0943951023933334 2.0943951023933334 2.0943951023933334 1 1 1 0.01
2 3 1 1 1 1 2.0943951023933334 2.0943951023933334 2.0943951023933334 2.0943951023933334 2.0943951023933334 1 1 1 0.01
1 2 1 2 2 1 2.0943951023933334 2.0943951023933334 2.0943951023933334 2.0943951023933334 2.0943951023933334 1 1 1 0.01
0 3 0 1 2 1 2.0943951023933334 2.0943951023933334 2.0943951023933334 2.0943951023933334 2.0943951023933334 1 1 1 0.01
1 0 1 2 1 2 2.0943951023933334 1.57079632679 2.0943951023933334 2.0943951023933334 2.0943951023933334 1 1 1 0.01
3 3 3 3 1 2 2.0943951023933334 2.0943951023933334 2.0943951023933334 2.0943951023933334 2.0943951023933334 1 1 1 0.01
2 2 3 3 1 1 2.0943951023933334 2.0943951023933334 2.0943951023933334 2.0943951023933334 2.0943951023933334 1 1 1 0.01
1 3 2 3 1 0 2.0943951023933334 2.0943951023933334 2.51327412287 2.0943951023933334 2.0943951023933334 1 1 1 0.01
1 0 1 1 1 1 2.0943951023933334 2.0943951023933334 2.0943951023933334 2.0943951023933334 2.0943951023933334 1 1 1 0.01
1 3 3 3 3 3 2.0943951023933334 2.0943951023933334 2.0943951023933334 1.5759 2.0943951023933334 1 1 1 0.01
2 2 2 2 2 1 2.0943951023933334 2.0943951023933334 2.0943951023933334 2.0943951023933334 2.0943951023933334 1 1 1 0.01
3 3 2 2 1 1 2.0943951023933334 2.0943951023933334 1.57079632679 2.0943951023933334 2.0943951023933334 1 1 1 0.01
1 2 1 1 1 2 2.0943951023933334 2.0943951023933334 2.0943951023933334 3.1415 2.0943951023933334 1 1 1 0.01
3 3 1 1 1 3 2.0943951023933334 2.0943951023933334 2.0943951023933334 2.0943951023933334 2.0943951023933334 1 1 1 0.01
1 1 1 2 1 1 2.0943951023933334 3.1415 2.0943951023933334 2.0943951023933334 2.0943951023933334 1 1 1 0.01
1 3 1 2 1 0 1.57079 2.0943951023933334 2.0943951023933334 2.0943951023933334 2.0943951023933334 1 1 1 0.01
2 2 2 2 2 2 2.0943951023933334 2.0943951023933334 1.57079632679 2.0943951023933334 2.0943951023933334 1 1 1 0.01
3 3 3 3 3 3 2.0943951023933334 2.0943951023933334 2.0943951023933334 3.1415 2.0943951023933334 1 1 1 0.01
1 1 1 3 3 3 2.0943951023933334 2.0943951023933334 2.0943951023933334 2.0943951023933334 2.0943951023933334 1 1 1 0.01
1 1 1 2 1 1 2.0943951023933334 3.1415 2.0943951023933334 2.0943951023933334 2.0943951023933334 1 1 1 0.01
3 3 1 1 3 3 1.57079 2.0943951023933334 2.0943951023933334 2.0943951023933334 2.0943951023933334 1 1 1 0.01 
